{
"Name": "Dyeable Plain Overalls",
  "FrontShirt": {
    "ColorMasks": [
	  [ 234, 234, 234 ],
	  [ 179, 171, 165 ],
      [ 70, 66, 61 ]
    ],
    "SleeveColors": [
      [ 70, 66, 61 ],
	  [ 179, 171, 165 ],
      [ 234, 234, 234 ]	  
    ],
    "StartingPosition": {
      "X": 0,
      "Y": 0
    },
    "BodyPosition": {
      "X": 0,
      "Y": 0
    },
    "ShirtSize": {
      "Width": 8,
      "Length": 8
    }
  },
  "RightShirt": {
    "ColorMasks": [
	  [ 234, 234, 234 ],
	  [ 179, 171, 165 ],
      [ 70, 66, 61 ]
    ],
    "SleeveColors": [
      [ 70, 66, 61 ],
	  [ 179, 171, 165 ],
      [ 234, 234, 234 ]	   
    ],
    "StartingPosition": {
      "X": 0,
      "Y": 8
    },
    "BodyPosition": {
      "X": 0,
      "Y": 0
    },
    "ShirtSize": {
      "Width": 8,
      "Length": 8
    }
  },
  "LeftShirt": {
    "ColorMasks": [
	  [ 234, 234, 234 ],
	  [ 179, 171, 165 ],
      [ 70, 66, 61 ]
    ],
    "SleeveColors": [
      [ 70, 66, 61 ],
	  [ 179, 171, 165 ],
      [ 234, 234, 234 ]	  
    ],
    "StartingPosition": {
      "X": 0,
      "Y": 16
    },
    "BodyPosition": {
      "X": 0,
      "Y": 0
    },
    "ShirtSize": {
      "Width": 8,
      "Length": 8
    }
  },
  "BackShirt": {
    "ColorMasks": [
	  [ 234, 234, 234 ],
	  [ 179, 171, 165 ],
      [ 70, 66, 61 ]
    ],
    "SleeveColors": [
      [ 70, 66, 61 ],
	  [ 179, 171, 165 ],
      [ 234, 234, 234 ]	    
    ],
    "StartingPosition": {
      "X": 0,
      "Y": 24
    },
    "BodyPosition": {
      "X": 0,
      "Y": 0
    },
    "ShirtSize": {
      "Width": 8,
      "Length": 8
    }
  }
}